W-Radiometer 1.0... Booted
Init Bootloader (expected 255 195 255):127 195 255
Config VC4 VMIX:96 255 44
Config VC3 VB4:225 255 169
Config VC2 VB3:226 255 169
Config VC1 VB2:227 255 169
Config VSUB VB1:228 105 169
Config BB Gain:229 0 3
Config BB CM:230 0 182
Radiometer Chip Online and ready to accept commands>
 1806 1078 0.60 -728.00
 1873 1300 0.69 -573.00
 1781 970 0.54 -811.00
 2057 1349 0.66 -708.00
 1694 1287 0.76 -407.00
 1891 1017 0.54 -874.00
 1803 1105 0.61 -698.00
 2066 1202 0.58 -864.00
 1857 1107 0.60 -750.00
 1890 1033 0.55 -857.00
 1760 1105 0.63 -655.00
 1799 1029 0.57 -770.00
 1631 1268 0.78 -363.00
 1775 1096 0.62 -679.00
 1984 1071 0.54 -913.00
 1681 1234 0.73 -447.00
 1896 1097 0.58 -799.00
 1811 1138 0.63 -673.00
 1949 1058 0.54 -891.00
 1831 1091 0.60 -740.00
 1903 1204 0.63 -699.00
 1825 1078 0.59 -747.00
 1910 1132 0.59 -778.00
 1774 1001 0.56 -773.00
 1835 1124 0.61 -711.00
 1905 1089 0.57 -816.00
 1847 1102 0.60 -745.00
 1984 974 0.49 -1010.00
 2054 1262 0.61 -792.00
 2006 1077 0.54 -929.00
 1757 971 0.55 -786.00
 1943 1179 0.61 -764.00
 1906 1096 0.58 -810.00
 1949 1139 0.58 -810.00
 1894 1068 0.56 -826.00
 1997 1008 0.50 -989.00
 1700 1102 0.65 -598.00
 1893 1273 0.67 -620.00
 2075 1078 0.52 -997.00
 1743 1040 0.60 -703.00
 1974 1124 0.57 -850.00
 1802 1140 0.63 -662.00
 1902 1243 0.65 -659.00
 2022 1150 0.57 -872.00
 1965 1151 0.59 -814.00
 1841 1160 0.63 -681.00
 1748 1133 0.65 -615.00
 1887 1118 0.59 -769.00
 2053 1103 0.54 -950.00
 1772 1101 0.62 -671.00
 1965 1198 0.61 -767.00
 1722 1139 0.66 -583.00
 1869 1046 0.56 -823.00
 1922 1124 0.58 -798.00
 1797 1124 0.63 -673.00
 1902 1163 0.61 -739.00
 1852 1095 0.59 -757.00
 1931 1296 0.67 -635.00
 1847 1091 0.59 -756.00
 1781 1060 0.60 -721.00
 2018 1159 0.57 -859.00
 1908 1168 0.61 -740.00
 1873 1080 0.58 -793.00
 1996 1104 0.55 -892.00
 2024 1156 0.57 -868.00
 1934 1231 0.64 -703.00
 1872 1100 0.59 -772.00
 1719 1164 0.68 -555.00
 1895 1077 0.57 -818.00
 1902 1128 0.59 -774.00
 2012 1141 0.57 -871.00
 2058 1071 0.52 -987.00
 1864 1243 0.67 -621.00
 1898 1061 0.56 -837.00
 1881 1207 0.64 -674.00
 1876 1147 0.61 -729.00
 1959 1149 0.59 -810.00
 1902 1152 0.61 -750.00
 1940 1159 0.60 -781.00
 1947 1108 0.57 -839.00
 1981 1111 0.56 -870.00
 1844 1186 0.64 -658.00
 2159 1164 0.54 -995.00
 1893 1202 0.63 -691.00
 1712 1129 0.66 -583.00
 1611 1186 0.74 -425.00
 1895 1009 0.53 -886.00
 1664 1104 0.66 -560.00
 1672 1104 0.66 -568.00
 1729 1084 0.63 -645.00
 1706 1112 0.65 -594.00
 1878 1130 0.60 -748.00
 1755 1067 0.61 -688.00
 1805 1017 0.56 -788.00
 1791 1189 0.66 -602.00
 1814 1048 0.58 -766.00
 1881 1104 0.59 -777.00
 2113 1269 0.60 -844.00
 2028 1185 0.58 -843.00
 1834 1141 0.62 -693.00
 1915 1145 0.60 -770.00
 1669 962 0.58 -707.00
 1792 1227 0.68 -565.00
 1842 956 0.52 -886.00
 1814 1111 0.61 -703.00
 1940 1267 0.65 -673.00
 1771 1289 0.73 -482.00
 1834 1226 0.67 -608.00
 1950 1174 0.60 -776.00
 1115 601 0.54 -514.00
 500 108 0.22 -392.00
 569 104 0.18 -465.00
 573 123 0.21 -450.00
 555 141 0.25 -414.00
 520 113 0.22 -407.00
 504 96 0.19 -408.00
 497 112 0.23 -385.00
 487 128 0.26 -359.00
 577 164 0.28 -413.00
 669 133 0.20 -536.00
 568 123 0.22 -445.00
 617 127 0.21 -490.00
 580 128 0.22 -452.00
 577 110 0.19 -467.00
 512 123 0.24 -389.00
 534 129 0.24 -405.00
 552 99 0.18 -453.00
 523 86 0.16 -437.00
 450 94 0.21 -356.00
 580 121 0.21 -459.00
 598 115 0.19 -483.00
 459 151 0.33 -308.00
 522 116 0.22 -406.00
 501 147 0.29 -354.00
 615 131 0.21 -484.00
 518 124 0.24 -394.00
 523 91 0.17 -432.00
 620 120 0.19 -500.00
 513 118 0.23 -395.00
 536 133 0.25 -403.00
 497 112 0.23 -385.00
 528 122 0.23 -406.00
 594 119 0.20 -475.00
 579 125 0.22 -454.00
 546 126 0.23 -420.00
 525 156 0.30 -369.00
 583 126 0.22 -457.00
 573 108 0.19 -465.00
 547 110 0.20 -437.00
 532 112 0.21 -420.00
 559 137 0.25 -422.00
 556 112 0.20 -444.00
 545 125 0.23 -420.00
 536 137 0.26 -399.00
 559 166 0.30 -393.00
 584 122 0.21 -462.00
 495 116 0.23 -379.00
 495 120 0.24 -375.00
 537 140 0.26 -397.00
 507 139 0.27 -368.00
 541 121 0.22 -420.00
 505 99 0.20 -406.00
 513 97 0.19 -416.00
 503 138 0.27 -365.00
 593 90 0.15 -503.00
 523 130 0.25 -393.00
