 500 107 0.21 -393.00
 506 106 0.21 -400.00
 464 88 0.19 -376.00
 487 121 0.25 -366.00
 544 102 0.19 -442.00
 520 103 0.20 -417.00
 552 144 0.26 -408.00
 478 94 0.20 -384.00
 462 110 0.24 -352.00
 472 134 0.28 -338.00
 528 136 0.26 -392.00
 509 101 0.20 -408.00
 471 99 0.21 -372.00
 531 101 0.19 -430.00
 474 115 0.24 -359.00
 453 106 0.23 -347.00
 469 93 0.20 -376.00
 485 111 0.23 -374.00
 534 99 0.19 -435.00
 485 107 0.22 -378.00
 554 155 0.28 -399.00
 477 126 0.26 -351.00
 507 124 0.24 -383.00
 459 101 0.22 -358.00
 517 129 0.25 -388.00
 527 134 0.25 -393.00
 517 93 0.18 -424.00
 536 124 0.23 -412.00
 559 118 0.21 -441.00
 477 97 0.20 -380.00
 487 111 0.23 -376.00
 573 110 0.19 -463.00
 449 113 0.25 -336.00
 509 111 0.22 -398.00
 459 86 0.19 -373.00
 500 109 0.22 -391.00
 559 118 0.21 -441.00
 503 121 0.24 -382.00
 534 115 0.22 -419.00
 494 118 0.24 -376.00
 523 119 0.23 -404.00
 555 122 0.22 -433.00
 469 96 0.20 -373.00
 521 113 0.22 -408.00
 491 121 0.25 -370.00
 523 95 0.18 -428.00
 494 101 0.20 -393.00
 486 109 0.22 -377.00
 471 112 0.24 -359.00
 524 124 0.24 -400.00
 518 144 0.28 -374.00
 502 133 0.26 -369.00
 495 113 0.23 -382.00
 437 94 0.22 -343.00
 463 93 0.20 -370.00
 469 89 0.19 -380.00
 518 103 0.20 -415.00
 499 106 0.21 -393.00
 481 112 0.23 -369.00
 538 104 0.19 -434.00
 501 112 0.22 -389.00
 528 121 0.23 -407.00
 467 120 0.26 -347.00
 477 98 0.21 -379.00
 477 107 0.22 -370.00
 505 104 0.21 -401.00
 554 120 0.22 -434.00
 517 128 0.25 -389.00
 474 115 0.24 -359.00
 543 124 0.23 -419.00
 471 104 0.22 -367.00
 484 111 0.23 -373.00
 516 127 0.25 -389.00
 508 104 0.20 -404.00
 454 123 0.27 -331.00
 536 120 0.22 -416.00
 483 116 0.24 -367.00
 499 97 0.19 -402.00
 600 82 0.14 -518.00
 557 103 0.18 -454.00
 517 63 0.12 -454.00
 468 109 0.23 -359.00
 510 105 0.21 -405.00
 482 81 0.17 -401.00
 449 85 0.19 -364.00
 339 59 0.17 -280.00
 312 60 0.19 -252.00
 273 74 0.27 -199.00
 362 79 0.22 -283.00
 454 111 0.24 -343.00
 516 127 0.25 -389.00
 516 117 0.23 -399.00
 491 120 0.24 -371.00
 497 126 0.25 -371.00
 472 96 0.20 -376.00
 505 117 0.23 -388.00
 503 97 0.19 -406.00
 451 89 0.20 -362.00
 541 94 0.17 -447.00
 489 126 0.26 -363.00
 520 139 0.27 -381.00
 509 129 0.25 -380.00
 505 113 0.22 -392.00
 568 95 0.17 -473.00
 543 128 0.24 -415.00
 513 119 0.23 -394.00
 550 139 0.25 -411.00
 506 105 0.21 -401.00
 500 101 0.20 -399.00
 564 110 0.20 -454.00
 523 107 0.20 -416.00
 471 113 0.24 -358.00
 471 106 0.23 -365.00
 557 119 0.21 -438.00
 521 105 0.20 -416.00
 534 84 0.16 -450.00
 499 123 0.25 -376.00
 439 111 0.25 -328.00
 523 115 0.22 -408.00
 536 93 0.17 -443.00
 493 106 0.22 -387.00
 489 105 0.21 -384.00
 515 89 0.17 -426.00
 487 117 0.24 -370.00
 457 99 0.22 -358.00
 565 114 0.20 -451.00
 494 143 0.29 -351.00
 485 134 0.28 -351.00
 438 99 0.23 -339.00
 461 146 0.32 -315.00
 506 134 0.26 -372.00
 550 107 0.19 -443.00
 547 106 0.19 -441.00
 498 105 0.21 -393.00
 441 136 0.31 -305.00
 510 121 0.24 -389.00
 555 133 0.24 -422.00
 510 131 0.26 -379.00
 532 113 0.21 -419.00
 491 106 0.22 -385.00
 515 95 0.18 -420.00
 550 103 0.19 -447.00
 535 104 0.19 -431.00
 528 98 0.19 -430.00
 523 118 0.23 -405.00
 455 116 0.25 -339.00
 520 104 0.20 -416.00
 509 94 0.18 -415.00
 514 104 0.20 -410.00
 560 99 0.18 -461.00
 527 133 0.25 -394.00
 508 99 0.19 -409.00
 475 108 0.23 -367.00
 548 118 0.22 -430.00
 478 103 0.22 -375.00
 507 124 0.24 -383.00
 489 105 0.21 -384.00
 475 123 0.26 -352.00
 495 150 0.30 -345.00
 546 123 0.23 -423.00
 467 122 0.26 -345.00
 511 85 0.17 -426.00
 524 105 0.20 -419.00
 463 96 0.21 -367.00
 486 104 0.21 -382.00
 451 105 0.23 -346.00
