 576 154 0.27 -422.00
 483 139 0.29 -344.00
 514 102 0.20 -412.00
 515 113 0.22 -402.00
 476 113 0.24 -363.00
 487 118 0.24 -369.00
 520 107 0.21 -413.00
 532 156 0.29 -376.00
 473 86 0.18 -387.00
 539 109 0.20 -430.00
 478 101 0.21 -377.00
 556 103 0.19 -453.00
 507 152 0.30 -355.00
 574 122 0.21 -452.00
 522 121 0.23 -401.00
 520 110 0.21 -410.00
 546 112 0.21 -434.00
 530 107 0.20 -423.00
 490 123 0.25 -367.00
 487 98 0.20 -389.00
 509 99 0.19 -410.00
 454 107 0.24 -347.00
 463 105 0.23 -358.00
 527 93 0.18 -434.00
 509 104 0.20 -405.00
 555 94 0.17 -461.00
 533 110 0.21 -423.00
 474 105 0.22 -369.00
 555 89 0.16 -466.00
 557 113 0.20 -444.00
 474 95 0.20 -379.00
 487 79 0.16 -408.00
 458 107 0.23 -351.00
 464 115 0.25 -349.00
 586 108 0.18 -478.00
 470 118 0.25 -352.00
 483 99 0.20 -384.00
 484 105 0.22 -379.00
 487 85 0.17 -402.00
 561 145 0.26 -416.00
 474 103 0.22 -371.00
 552 81 0.15 -471.00
 539 97 0.18 -442.00
 473 121 0.26 -352.00
 558 106 0.19 -452.00
 560 103 0.18 -457.00
 494 93 0.19 -401.00
 515 112 0.22 -403.00
 421 133 0.32 -288.00
 517 114 0.22 -403.00
 493 109 0.22 -384.00
 443 101 0.23 -342.00
 496 123 0.25 -373.00
 492 87 0.18 -405.00
 520 116 0.22 -404.00
 518 78 0.15 -440.00
 498 122 0.24 -376.00
 469 128 0.27 -341.00
 498 110 0.22 -388.00
 466 98 0.21 -368.00
 494 95 0.19 -399.00
 523 122 0.23 -401.00
 546 102 0.19 -444.00
 470 109 0.23 -361.00
 471 81 0.17 -390.00
 520 130 0.25 -390.00
 491 100 0.20 -391.00
 532 94 0.18 -438.00
 472 124 0.26 -348.00
 523 92 0.18 -431.00
 500 122 0.24 -378.00
 529 113 0.21 -416.00
 520 110 0.21 -410.00
 478 112 0.23 -366.00
 512 98 0.19 -414.00
 544 103 0.19 -441.00
 503 105 0.21 -398.00
 494 88 0.18 -406.00
 534 118 0.22 -416.00
 495 106 0.21 -389.00
 513 135 0.26 -378.00
 440 97 0.22 -343.00
 418 99 0.24 -319.00
 525 72 0.14 -453.00
 549 125 0.23 -424.00
 416 116 0.28 -300.00
 299 84 0.28 -215.00
 314 78 0.25 -236.00
 326 70 0.21 -256.00
 411 91 0.22 -320.00
 378 69 0.18 -309.00
 452 111 0.25 -341.00
 576 99 0.17 -477.00
 563 120 0.21 -443.00
 537 126 0.23 -411.00
 480 136 0.28 -344.00
 504 114 0.23 -390.00
 529 99 0.19 -430.00
 551 114 0.21 -437.00
 481 129 0.27 -352.00
 433 92 0.21 -341.00
 517 112 0.22 -405.00
 488 116 0.24 -372.00
 548 144 0.26 -404.00
 564 95 0.17 -469.00
 491 120 0.24 -371.00
 527 96 0.18 -431.00
 532 132 0.25 -400.00
 569 111 0.20 -458.00
 483 98 0.20 -385.00
 471 107 0.23 -364.00
 482 136 0.28 -346.00
 537 93 0.17 -444.00
 523 105 0.20 -418.00
 520 118 0.23 -402.00
 504 107 0.21 -397.00
 538 75 0.14 -463.00
 628 112 0.18 -516.00
 564 94 0.17 -470.00
 534 113 0.21 -421.00
 484 135 0.28 -349.00
 509 126 0.25 -383.00
 516 93 0.18 -423.00
 562 152 0.27 -410.00
 469 106 0.23 -363.00
 567 131 0.23 -436.00
 549 123 0.22 -426.00
 550 109 0.20 -441.00
 526 123 0.23 -403.00
 524 117 0.22 -407.00
 563 122 0.22 -441.00
 521 96 0.18 -425.00
 507 97 0.19 -410.00
 440 122 0.28 -318.00
 477 97 0.20 -380.00
 506 110 0.22 -396.00
 512 127 0.25 -385.00
 507 105 0.21 -402.00
 461 117 0.25 -344.00
 529 111 0.21 -418.00
 522 100 0.19 -422.00
 478 92 0.19 -386.00
 516 124 0.24 -392.00
 513 115 0.22 -398.00
 464 116 0.25 -348.00
 544 112 0.21 -432.00
 477 125 0.26 -352.00
 535 122 0.23 -413.00
 553 104 0.19 -449.00
 526 124 0.24 -402.00
 455 137 0.30 -318.00
 482 119 0.25 -363.00
 562 114 0.20 -448.00
 514 125 0.24 -389.00
 548 126 0.23 -422.00
 547 137 0.25 -410.00
 507 123 0.24 -384.00
 455 117 0.26 -338.00
 561 116 0.21 -445.00
 502 100 0.20 -402.00
 481 103 0.21 -378.00
 458 106 0.23 -352.00
 521 124 0.24 -397.00
 506 123 0.24 -383.00
 524 115 0.22 -409.00
 483 105 0.22 -378.00
 429 76 0.18 -353.00
W-Radiometer 1.0... Booted
Init Bootloader (expected 255 195 255):127 195 255
Config VC4 VMIX:96 255 44
Config VC3 VB4:225 255 169
Config VC2 VB3:226 255 169
Config VC1 VB2:227 255 169
Config VSUB VB1:228 105 169
Config BB Gain:229 0 3
Config BB CM:230 0 182
Radiometer Chip Online and ready to accept commands>
