W-Radiometer 1.0... Booted
Init Bootloader (expected 255 195 255):127 195 255
Config VC4 VMIX:96 255 44
Config VC3 VB4:225 255 169
Config VC2 VB3:226 255 169
Config VC1 VB2:227 255 169
Config VSUB VB1:228 105 169
Config BB Gain:229 0 3
Config BB CM:230 0 182
Radiometer Chip Online and ready to accept commands>
 523 104 0.20 -419.00
 513 109 0.21 -404.00
 458 102 0.22 -356.00
 461 97 0.21 -364.00
 412 95 0.23 -317.00
 485 93 0.19 -392.00
 495 94 0.19 -401.00
 388 104 0.27 -284.00
 480 81 0.17 -399.00
 481 123 0.26 -358.00
 484 74 0.15 -410.00
 469 96 0.20 -373.00
 442 84 0.19 -358.00
 413 69 0.17 -344.00
 490 78 0.16 -412.00
 451 109 0.24 -342.00
 439 109 0.25 -330.00
 495 111 0.22 -384.00
 459 68 0.15 -391.00
 444 107 0.24 -337.00
 508 89 0.18 -419.00
 469 117 0.25 -352.00
 440 96 0.22 -344.00
 459 109 0.24 -350.00
 468 111 0.24 -357.00
 412 98 0.24 -314.00
 419 96 0.23 -323.00
 419 107 0.26 -312.00
 437 92 0.21 -345.00
 487 91 0.19 -396.00
 434 81 0.19 -353.00
 434 102 0.24 -332.00
 391 79 0.20 -312.00
 444 77 0.17 -367.00
 451 98 0.22 -353.00
 466 107 0.23 -359.00
 416 103 0.25 -313.00
 443 102 0.23 -341.00
 497 95 0.19 -402.00
 432 102 0.24 -330.00
 434 94 0.22 -340.00
 472 85 0.18 -387.00
 489 112 0.23 -377.00
 464 86 0.19 -378.00
 430 99 0.23 -331.00
 476 106 0.22 -370.00
 515 83 0.16 -432.00
 432 109 0.25 -323.00
 408 110 0.27 -298.00
 404 101 0.25 -303.00
 441 80 0.18 -361.00
 448 102 0.23 -346.00
 432 85 0.20 -347.00
 435 98 0.23 -337.00
 450 109 0.24 -341.00
 484 118 0.24 -366.00
 471 104 0.22 -367.00
 458 110 0.24 -348.00
 438 114 0.26 -324.00
 442 106 0.24 -336.00
 461 99 0.21 -362.00
 464 82 0.18 -382.00
 476 108 0.23 -368.00
 467 83 0.18 -384.00
 458 84 0.18 -374.00
 496 99 0.20 -397.00
 468 91 0.19 -377.00
 462 78 0.17 -384.00
 451 115 0.25 -336.00
 482 121 0.25 -361.00
 485 112 0.23 -373.00
 488 122 0.25 -366.00
 445 123 0.28 -322.00
 460 115 0.25 -345.00
 445 109 0.24 -336.00
 473 109 0.23 -364.00
 465 106 0.23 -359.00
 432 104 0.24 -328.00
 486 94 0.19 -392.00
 427 112 0.26 -315.00
 477 80 0.17 -397.00
 472 104 0.22 -368.00
 497 112 0.23 -385.00
 461 111 0.24 -350.00
 448 103 0.23 -345.00
 466 105 0.23 -361.00
 516 115 0.22 -401.00
 439 115 0.26 -324.00
 511 100 0.20 -411.00
 450 117 0.26 -333.00
 470 71 0.15 -399.00
 500 94 0.19 -406.00
 459 147 0.32 -312.00
 443 119 0.27 -324.00
 462 96 0.21 -366.00
 488 105 0.22 -383.00
 484 120 0.25 -364.00
 459 98 0.21 -361.00
 491 95 0.19 -396.00
 426 108 0.25 -318.00
 501 73 0.15 -428.00
 453 151 0.33 -302.00
 521 125 0.24 -396.00
 536 119 0.22 -417.00
 467 126 0.27 -341.00
 482 97 0.20 -385.00
 451 96 0.21 -355.00
 414 92 0.22 -322.00
 462 101 0.22 -361.00
 410 84 0.20 -326.00
 429 96 0.22 -333.00
 427 72 0.17 -355.00
 451 98 0.22 -353.00
 450 103 0.23 -347.00
 495 93 0.19 -402.00
 461 118 0.26 -343.00
 501 116 0.23 -385.00
 444 91 0.20 -353.00
 411 109 0.27 -302.00
 473 101 0.21 -372.00
 482 101 0.21 -381.00
 462 91 0.20 -371.00
 489 104 0.21 -385.00
 518 97 0.19 -421.00
 456 113 0.25 -343.00
 490 110 0.22 -380.00
 454 73 0.16 -381.00
 462 109 0.24 -353.00
 461 101 0.22 -360.00
 425 88 0.21 -337.00
 444 125 0.28 -319.00
 449 102 0.23 -347.00
 452 101 0.22 -351.00
 459 102 0.22 -357.00
 453 88 0.19 -365.00
 482 120 0.25 -362.00
 446 106 0.24 -340.00
 394 117 0.30 -277.00
 416 109 0.26 -307.00
 492 91 0.18 -401.00
 399 77 0.19 -322.00
 392 102 0.26 -290.00
 399 103 0.26 -296.00
 439 94 0.21 -345.00
 447 98 0.22 -349.00
 419 93 0.22 -326.00
 409 80 0.20 -329.00
 443 105 0.24 -338.00
 388 87 0.22 -301.00
 437 105 0.24 -332.00
 447 81 0.18 -366.00
 484 103 0.21 -381.00
 437 112 0.26 -325.00
 474 81 0.17 -393.00
 426 112 0.26 -314.00
 480 83 0.17 -397.00
 468 106 0.23 -362.00
 412 110 0.27 -302.00
 510 101 0.20 -409.00
 409 98 0.24 -311.00
 427 92 0.22 -335.00
 451 97 0.22 -354.00
 487 101 0.21 -386.00
 438 101 0.23 -337.00
 475 95 0.20 -380.00
W-Radiometer 1.0... Booted
Init Bootloader (expected 255 195 255):127 195 255
Config VC4 VMIX:96 255 44
Config VC3 VB4:225 255 169
Config VC2 VB3:226 255 169
Config VC1 VB2:227 255 169
Config VSUB VB1:228 105 169
Config BB Gain:229 0 3
Config BB CM:230 0 182
Radiometer Chip Online and ready to accept commands>
