W-Radiometer 1.0... Booted
Init Bootloader (expected 255 195 255):127 195 255
Config VC4 VMIX:96 255 44
Config VC3 VB4:225 255 169
Config VC2 VB3:226 255 169
Config VC1 VB2:227 255 169
Config VSUB VB1:228 105 169
Config BB Gain:229 0 3
Config BB CM:230 0 182
Radiometer Chip Online and ready to accept commands>
 400 92 0.23 -308.00
 440 85 0.19 -355.00
 412 80 0.19 -332.00
 426 84 0.20 -342.00
 398 89 0.22 -309.00
 420 62 0.15 -358.00
 370 82 0.22 -288.00
 410 82 0.20 -328.00
 376 75 0.20 -301.00
 440 77 0.17 -363.00
 453 98 0.22 -355.00
 419 101 0.24 -318.00
 448 73 0.16 -375.00
 405 104 0.26 -301.00
 389 65 0.17 -324.00
 423 90 0.21 -333.00
 426 65 0.15 -361.00
 483 72 0.15 -411.00
 462 79 0.17 -383.00
 475 89 0.19 -386.00
 417 83 0.20 -334.00
 385 83 0.22 -302.00
 403 88 0.22 -315.00
 397 107 0.27 -290.00
 423 99 0.23 -324.00
 465 85 0.18 -380.00
 373 84 0.23 -289.00
 445 71 0.16 -374.00
 421 82 0.19 -339.00
 429 92 0.21 -337.00
 395 76 0.19 -319.00
 441 66 0.15 -375.00
 422 84 0.20 -338.00
 387 137 0.35 -250.00
 396 71 0.18 -325.00
 390 109 0.28 -281.00
 442 102 0.23 -340.00
 453 83 0.18 -370.00
 383 88 0.23 -295.00
 404 89 0.22 -315.00
 398 104 0.26 -294.00
 396 105 0.27 -291.00
 418 90 0.22 -328.00
 437 87 0.20 -350.00
 425 77 0.18 -348.00
 392 99 0.25 -293.00
 405 104 0.26 -301.00
 418 109 0.26 -309.00
 443 77 0.17 -366.00
 435 91 0.21 -344.00
 455 93 0.20 -362.00
 421 88 0.21 -333.00
 421 81 0.19 -340.00
 382 72 0.19 -310.00
 444 101 0.23 -343.00
 389 100 0.26 -289.00
 389 113 0.29 -276.00
 470 93 0.20 -377.00
 416 78 0.19 -338.00
 446 77 0.17 -369.00
 402 80 0.20 -322.00
 432 98 0.23 -334.00
 413 85 0.21 -328.00
 505 91 0.18 -414.00
 417 78 0.19 -339.00
 415 91 0.22 -324.00
 374 114 0.30 -260.00
 422 81 0.19 -341.00
 427 84 0.20 -343.00
 480 94 0.20 -386.00
 417 73 0.18 -344.00
 438 71 0.16 -367.00
 386 98 0.25 -288.00
 405 98 0.24 -307.00
 449 67 0.15 -382.00
 384 71 0.18 -313.00
 405 96 0.24 -309.00
 393 93 0.24 -300.00
 404 106 0.26 -298.00
 372 82 0.22 -290.00
 435 75 0.17 -360.00
 439 75 0.17 -364.00
 409 65 0.16 -344.00
 373 92 0.25 -281.00
 361 81 0.22 -280.00
 469 103 0.22 -366.00
 467 92 0.20 -375.00
 420 78 0.19 -342.00
 405 92 0.23 -313.00
 415 85 0.20 -330.00
 401 72 0.18 -329.00
 460 91 0.20 -369.00
 412 88 0.21 -324.00
 462 105 0.23 -357.00
 428 93 0.22 -335.00
 417 84 0.20 -333.00
 465 76 0.16 -389.00
 418 97 0.23 -321.00
 394 85 0.22 -309.00
 446 106 0.24 -340.00
 435 102 0.23 -333.00
 435 105 0.24 -330.00
 429 95 0.22 -334.00
 435 104 0.24 -331.00
 427 115 0.27 -312.00
 462 101 0.22 -361.00
 440 78 0.18 -362.00
 445 88 0.20 -357.00
 450 85 0.19 -365.00
 404 95 0.24 -309.00
 428 108 0.25 -320.00
 456 109 0.24 -347.00
 430 85 0.20 -345.00
 439 105 0.24 -334.00
 398 104 0.26 -294.00
 386 96 0.25 -290.00
 386 79 0.20 -307.00
 399 76 0.19 -323.00
 431 103 0.24 -328.00
 437 80 0.18 -357.00
 401 101 0.25 -300.00
 420 85 0.20 -335.00
 439 107 0.24 -332.00
 450 76 0.17 -374.00
 428 89 0.21 -339.00
 457 98 0.21 -359.00
 489 97 0.20 -392.00
 421 89 0.21 -332.00
 438 89 0.20 -349.00
 477 99 0.21 -378.00
 431 96 0.22 -335.00
 439 88 0.20 -351.00
 398 97 0.24 -301.00
 443 108 0.24 -335.00
 501 73 0.15 -428.00
 468 86 0.18 -382.00
 416 88 0.21 -328.00
 452 106 0.23 -346.00
 400 106 0.26 -294.00
 434 77 0.18 -357.00
 473 85 0.18 -388.00
 409 121 0.30 -288.00
 425 96 0.23 -329.00
 454 103 0.23 -351.00
 438 107 0.24 -331.00
 405 111 0.27 -294.00
 439 88 0.20 -351.00
 432 80 0.19 -352.00
 367 114 0.31 -253.00
 456 92 0.20 -364.00
 349 100 0.29 -249.00
 462 90 0.19 -372.00
 425 107 0.25 -318.00
 443 80 0.18 -363.00
 393 77 0.20 -316.00
 404 90 0.22 -314.00
 394 82 0.21 -312.00
 441 83 0.19 -358.00
 402 112 0.28 -290.00
 411 86 0.21 -325.00
 449 105 0.23 -344.00
 440 68 0.15 -372.00
 471 81 0.17 -390.00
 449 100 0.22 -349.00
 442 86 0.19 -356.00
