 1700 1199 0.71 -501.00
 1815 1037 0.57 -778.00
 1706 1159 0.68 -547.00
 1744 1249 0.72 -495.00
 1739 1230 0.71 -509.00
 1750 1078 0.62 -672.00
 1677 1282 0.76 -395.00
 1479 1201 0.81 -278.00
 1575 1107 0.70 -468.00
 1852 1314 0.71 -538.00
 1807 1192 0.66 -615.00
 1897 1254 0.66 -643.00
 1800 1259 0.70 -541.00
 1752 1123 0.64 -629.00
 1777 1156 0.65 -621.00
 1655 1161 0.70 -494.00
 1901 1143 0.60 -758.00
 1862 1301 0.70 -561.00
 1749 1115 0.64 -634.00
 1769 1310 0.74 -459.00
 1889 1145 0.61 -744.00
 1592 1145 0.72 -447.00
 1782 1212 0.68 -570.00
 1728 1140 0.66 -588.00
 1750 1094 0.63 -656.00
 1646 1229 0.75 -417.00
 1774 1162 0.66 -612.00
 1781 1202 0.67 -579.00
 1778 1175 0.66 -603.00
 1699 1223 0.72 -476.00
 1791 1162 0.65 -629.00
 1653 1081 0.65 -572.00
 1659 1176 0.71 -483.00
 1693 1208 0.71 -485.00
 1784 1170 0.66 -614.00
 1725 1280 0.74 -445.00
 1747 1221 0.70 -526.00
 1707 1106 0.65 -601.00
 1470 914 0.62 -556.00
 392 75 0.19 -317.00
 360 69 0.19 -291.00
 356 61 0.17 -295.00
 338 66 0.20 -272.00
 350 72 0.21 -278.00
 324 91 0.28 -233.00
 367 75 0.20 -292.00
 329 95 0.29 -234.00
 328 87 0.27 -241.00
 352 74 0.21 -278.00
 369 69 0.19 -300.00
 386 69 0.18 -317.00
 357 59 0.17 -298.00
 409 56 0.14 -353.00
 387 89 0.23 -298.00
 373 68 0.18 -305.00
 381 98 0.26 -283.00
 335 61 0.18 -274.00
 397 67 0.17 -330.00
 326 88 0.27 -238.00
 385 73 0.19 -312.00
 361 93 0.26 -268.00
 323 111 0.34 -212.00
 355 78 0.22 -277.00
 366 69 0.19 -297.00
 347 95 0.27 -252.00
 377 92 0.24 -285.00
 370 80 0.22 -290.00
 336 71 0.21 -265.00
 316 75 0.24 -241.00
 370 77 0.21 -293.00
 369 80 0.22 -289.00
 364 70 0.19 -294.00
 382 79 0.21 -303.00
 360 67 0.19 -293.00
 352 97 0.28 -255.00
 380 89 0.23 -291.00
 334 69 0.21 -265.00
 436 101 0.23 -335.00
 334 60 0.18 -274.00
 363 76 0.21 -287.00
 403 72 0.18 -331.00
 368 81 0.22 -287.00
 416 84 0.20 -332.00
 412 81 0.20 -331.00
 388 74 0.19 -314.00
 351 59 0.17 -292.00
 335 88 0.26 -247.00
 353 110 0.31 -243.00
 391 102 0.26 -289.00
 355 90 0.25 -265.00
 368 85 0.23 -283.00
 354 73 0.21 -281.00
 395 100 0.25 -295.00
 375 108 0.29 -267.00
 382 109 0.29 -273.00
 416 74 0.18 -342.00
 356 77 0.22 -279.00
 410 92 0.22 -318.00
 407 98 0.24 -309.00
 407 71 0.17 -336.00
 376 78 0.21 -298.00
 368 81 0.22 -287.00
 350 85 0.24 -265.00
 369 67 0.18 -302.00
 385 80 0.21 -305.00
 381 103 0.27 -278.00
 404 99 0.25 -305.00
 342 82 0.24 -260.00
 372 105 0.28 -267.00
 364 100 0.27 -264.00
 365 75 0.21 -290.00
 384 84 0.22 -300.00
 411 82 0.20 -329.00
 364 98 0.27 -266.00
 432 73 0.17 -359.00
 408 76 0.19 -332.00
 440 95 0.22 -345.00
 412 98 0.24 -314.00
 387 82 0.21 -305.00
 362 67 0.19 -295.00
 421 60 0.14 -361.00
 404 82 0.20 -322.00
 375 73 0.19 -302.00
 404 77 0.19 -327.00
 406 63 0.16 -343.00
 377 88 0.23 -289.00
 420 109 0.26 -311.00
 387 93 0.24 -294.00
 372 73 0.20 -299.00
 378 85 0.22 -293.00
 390 82 0.21 -308.00
 384 78 0.20 -306.00
 386 77 0.20 -309.00
 436 87 0.20 -349.00
 341 87 0.26 -254.00
 421 80 0.19 -341.00
 368 77 0.21 -291.00
 417 110 0.26 -307.00
 355 94 0.26 -261.00
 358 105 0.29 -253.00
 375 84 0.22 -291.00
 426 86 0.20 -340.00
 368 87 0.24 -281.00
 407 101 0.25 -306.00
 382 99 0.26 -283.00
 379 68 0.18 -311.00
 420 74 0.18 -346.00
 389 96 0.25 -293.00
 398 78 0.20 -320.00
 362 84 0.23 -278.00
 399 93 0.23 -306.00
 362 68 0.19 -294.00
 409 66 0.16 -343.00
 379 86 0.23 -293.00
 379 73 0.19 -306.00
 404 98 0.24 -306.00
 363 83 0.23 -280.00
 423 72 0.17 -351.00
 383 96 0.25 -287.00
 386 86 0.22 -300.00
 358 103 0.29 -255.00
 384 93 0.24 -291.00
 396 75 0.19 -321.00
 351 97 0.28 -254.00
 393 95 0.24 -298.00
 389 99 0.25 -290.00
 351 75 0.21 -276.00
