File ADT# Time#1   Time#2   Time#3   Ignore
File1 1   0.062     0.047     0.062     0      
File2 1   22.276     22.433     22.074     0      
File3 1   0.03     0.031     0.048     0      
File4 1   14.258     14.102     14.243     0      
File1 2   0.046     0.032     0.031     0      
File2 2   102.539     102.539     103.679     0      
File3 2   0.046     0.047     0.047     0      
File4 2   51.604     57.377     58.266     0      
File1 3   0.015     0.031     0.015     0      
File2 3   0.015     0.031     0.016     0      
File3 3   0.015     0.031     0.016     0      
File4 3   0.015     0.016     0.031     0      
File1 4   0.046     0.047     0.047     0      
File2 4   0.046     0.032     0.03     0      
File3 4   0.031     0.032     0.031     0      
File4 4   0.031     0.031     0.031     0      
File1 5   0.031     0.015     0.016     0      
File2 5   0.031     0.015     0.016     0      
File3 5   0.031     0.015     0.015     0      
File4 5   0.031     0.015     0.032     0      
File1 6   0.14     0.125     0.124     0      
File2 6   0.093     0.078     0.094     0      
File3 6   0.093     0.094     0.093     0      
File4 6   0.218     0.203     0.218     0      
