File ADT# Time#1   Time#2   Time#3   Ignore
File1 1   0.108299     0.107406     0.107227     1e-06      
File2 1   57.5702     57.587     57.5502     0      
File3 1   0.083296     0.081931     0.081791     1e-06      
File4 1   33.0421     33.0078     33.021     1e-06      
File1 2   0.088295     0.082064     0.082202     1e-06      
File2 2   303.562     303.577     303.566     1e-06      
File3 2   0.107119     0.100851     0.100831     1e-06      
File4 2   150.186     156.815     156.228     1e-06      
File1 3   0.071774     0.071379     0.071228     0      
File2 3   0.06797     0.067021     0.067112     1e-06      
File3 3   0.0709     0.068144     0.068108     1e-06      
File4 3   0.072933     0.070069     0.070213     1e-06      
File1 4   0.095693     0.097136     0.097122     1e-06      
File2 4   0.080101     0.079966     0.079869     1e-06      
File3 4   0.078209     0.078893     0.07893     1e-06      
File4 4   0.081401     0.081296     0.081273     1e-06      
File1 5   0.07554     0.072705     0.072717     1e-06      
File2 5   0.069997     0.069813     0.069764     1e-06      
File3 5   0.07433     0.070777     0.070802     0      
File4 5   0.074543     0.073616     0.073471     1e-06      
File1 6   0.32463     0.328595     0.328743     1e-06      
File2 6   0.229242     0.226737     0.235476     1e-06      
File3 6   0.268213     0.265632     0.277567     0      
File4 6   0.411369     0.430946     0.432145     1e-06      
