 124 135 1.09 11.00
 148 139 0.94 -9.00
 163 119 0.73 -44.00
 133 136 1.02 3.00
 138 136 0.99 -2.00
 156 152 0.97 -4.00
 146 143 0.98 -3.00
 147 144 0.98 -3.00
 144 142 0.99 -2.00
 141 154 1.09 13.00
 148 188 1.27 40.00
 151 133 0.88 -18.00
 158 140 0.89 -18.00
 138 150 1.09 12.00
 135 160 1.19 25.00
 188 148 0.79 -40.00
 144 144 1.00 0.00
 160 136 0.85 -24.00
 126 137 1.09 11.00
 136 169 1.24 33.00
 132 138 1.05 6.00
 134 174 1.30 40.00
 135 141 1.04 6.00
 147 171 1.16 24.00
 140 153 1.09 13.00
 156 152 0.97 -4.00
 135 151 1.12 16.00
 144 125 0.87 -19.00
 157 144 0.92 -13.00
 150 171 1.14 21.00
 143 150 1.05 7.00
 155 137 0.88 -18.00
 142 141 0.99 -1.00
 136 149 1.10 13.00
 161 141 0.88 -20.00
 150 122 0.81 -28.00
 127 123 0.97 -4.00
 154 150 0.97 -4.00
 166 139 0.84 -27.00
 147 129 0.88 -18.00
 149 131 0.88 -18.00
 150 138 0.92 -12.00
 163 145 0.89 -18.00
 141 124 0.88 -17.00
 136 154 1.13 18.00
 137 145 1.06 8.00
 146 134 0.92 -12.00
 143 146 1.02 3.00
 157 158 1.01 1.00
 144 129 0.90 -15.00
 138 144 1.04 6.00
 150 130 0.87 -20.00
 141 119 0.84 -22.00
 140 143 1.02 3.00
 153 138 0.90 -15.00
 126 138 1.10 12.00
 148 136 0.92 -12.00
 137 145 1.06 8.00
 173 144 0.83 -29.00
 146 154 1.05 8.00
 148 150 1.01 2.00
 151 169 1.12 18.00
 132 140 1.06 8.00
 149 162 1.09 13.00
 143 124 0.87 -19.00
 166 163 0.98 -3.00
 128 144 1.12 16.00
 192 150 0.78 -42.00
 144 124 0.86 -20.00
 140 151 1.08 11.00
 152 170 1.12 18.00
 140 184 1.31 44.00
 151 120 0.79 -31.00
 131 148 1.13 17.00
 177 177 1.00 0.00
 111 165 1.49 54.00
 151 151 1.00 0.00
 139 157 1.13 18.00
 161 149 0.93 -12.00
 138 140 1.01 2.00
 161 141 0.88 -20.00
 180 166 0.92 -14.00
 133 126 0.95 -7.00
 153 140 0.92 -13.00
 174 160 0.92 -14.00
 141 126 0.89 -15.00
 120 125 1.04 5.00
 84 125 1.49 41.00
 129 127 0.98 -2.00
 108 90 0.83 -18.00
 101 116 1.15 15.00
 125 130 1.04 5.00
 119 123 1.03 4.00
 127 127 1.00 0.00
 108 131 1.21 23.00
 110 113 1.03 3.00
 122 99 0.81 -23.00
 116 137 1.18 21.00
 106 98 0.92 -8.00
 113 113 1.00 0.00
 117 129 1.10 12.00
 124 143 1.15 19.00
 105 123 1.17 18.00
 110 110 1.00 0.00
 117 118 1.01 1.00
 119 106 0.89 -13.00
 112 107 0.96 -5.00
 81 121 1.49 40.00
 121 125 1.03 4.00
 127 87 0.69 -40.00
 136 126 0.93 -10.00
 118 124 1.05 6.00
 117 113 0.97 -4.00
 128 101 0.79 -27.00
 136 98 0.72 -38.00
 94 110 1.17 16.00
 127 112 0.88 -15.00
 143 114 0.80 -29.00
 109 115 1.06 6.00
 96 114 1.19 18.00
 119 106 0.89 -13.00
 104 131 1.26 27.00
 130 84 0.65 -46.00
 102 104 1.02 2.00
 131 111 0.85 -20.00
 124 113 0.91 -11.00
 136 123 0.90 -13.00
 109 127 1.17 18.00
 108 94 0.87 -14.00
 99 85 0.86 -14.00
 123 88 0.72 -35.00
 93 127 1.37 34.00
 125 134 1.07 9.00
 126 85 0.67 -41.00
 126 104 0.83 -22.00
 109 121 1.11 12.00
 98 100 1.02 2.00
 129 111 0.86 -18.00
 120 96 0.80 -24.00
 120 102 0.85 -18.00
 107 119 1.11 12.00
 139 96 0.69 -43.00
 98 103 1.05 5.00
 92 112 1.22 20.00
 108 104 0.96 -4.00
 119 76 0.64 -43.00
 129 109 0.84 -20.00
 105 83 0.79 -22.00
 100 121 1.21 21.00
 127 121 0.95 -6.00
 131 82 0.63 -49.00
 128 89 0.70 -39.00
 107 112 1.05 5.00
 134 94 0.70 -40.00
 130 111 0.85 -19.00
 111 91 0.82 -20.00
 99 114 1.15 15.00
 94 96 1.02 2.00
 105 103 0.98 -2.00
 125 98 0.78 -27.00
 100 136 1.36 36.00
 108 95 0.88 -13.00
 102 99 0.97 -3.00
 91 90 0.99 -1.00
 123 119 0.97 -4.00
 122 87 0.71 -35.00
 113 110 0.97 -3.00
 116 93 0.80 -23.00
 119 125 1.05 6.00
 107 88 0.82 -19.00
 95 120 1.26 25.00
 83 114 1.37 31.00
 117 88 0.75 -29.00
 126 114 0.90 -12.00
 108 114 1.06 6.00
 117 102 0.87 -15.00
 116 119 1.03 3.00
 150 108 0.72 -42.00
 121 127 1.05 6.00
 98 121 1.23 23.00
 107 80 0.75 -27.00
 114 131 1.15 17.00
 103 110 1.07 7.00
 111 110 0.99 -1.00
 108 93 0.86 -15.00
 117 109 0.93 -8.00
 118 120 1.02 2.00
 120 111 0.93 -9.00
 115 126 1.10 11.00
 132 98 0.74 -34.00
 105 128 1.22 23.00
 110 110 1.00 0.00
 112 126 1.12 14.00
 109 113 1.04 4.00
 122 124 1.02 2.00
 112 110 0.98 -2.00
 98 111 1.13 13.00
 131 136 1.04 5.00
 108 102 0.94 -6.00
 97 131 1.35 34.00
 108 104 0.96 -4.00
 121 127 1.05 6.00
 123 116 0.94 -7.00
 105 108 1.03 3.00
 101 106 1.05 5.00
 124 114 0.92 -10.00
 101 133 1.32 32.00
 114 121 1.06 7.00
 120 108 0.90 -12.00
 128 117 0.91 -11.00
 125 105 0.84 -20.00
 104 110 1.06 6.00
 116 126 1.09 10.00
 127 114 0.90 -13.00
 149 120 0.81 -29.00
 124 116 0.94 -8.00
 123 103 0.84 -20.00
 144 102 0.71 -42.00
 130 123 0.95 -7.00
 127 130 1.02 3.00
 123 115 0.93 -8.00
 111 136 1.23 25.00
 108 116 1.07 8.00
 136 101 0.74 -35.00
 107 103 0.96 -4.00
 108 107 0.99 -1.00
 98 95 0.97 -3.00
 127 96 0.76 -31.00
 133 140 1.05 7.00
 131 104 0.79 -27.00
 122 130 1.07 8.00
 126 105 0.83 -21.00
 114 105 0.92 -9.00
 113 106 0.94 -7.00
 118 125 1.06 7.00
 124 113 0.91 -11.00
 101 104 1.03 3.00
 122 120 0.98 -2.00
 130 111 0.85 -19.00
 119 108 0.91 -11.00
 136 131 0.96 -5.00
 122 118 0.97 -4.00
 108 124 1.15 16.00
 117 108 0.92 -9.00
 150 102 0.68 -48.00
 126 133 1.06 7.00
 103 123 1.19 20.00
 133 95 0.71 -38.00
