 158 159 1.01 1.00
 138 155 1.12 17.00
 118 145 1.23 27.00
 150 149 0.99 -1.00
 156 169 1.08 13.00
 160 142 0.89 -18.00
 181 122 0.67 -59.00
 141 139 0.99 -2.00
 146 167 1.14 21.00
 192 163 0.85 -29.00
 137 140 1.02 3.00
 132 144 1.09 12.00
 163 153 0.94 -10.00
 140 152 1.09 12.00
 153 133 0.87 -20.00
 141 141 1.00 0.00
 139 164 1.18 25.00
 136 171 1.26 35.00
 172 133 0.77 -39.00
 131 157 1.20 26.00
 146 122 0.84 -24.00
 143 146 1.02 3.00
 142 145 1.02 3.00
 151 130 0.86 -21.00
 165 175 1.06 10.00
 152 178 1.17 26.00
 201 158 0.79 -43.00
 127 164 1.29 37.00
 141 157 1.11 16.00
 144 177 1.23 33.00
 147 146 0.99 -1.00
 121 134 1.11 13.00
 184 139 0.76 -45.00
 169 143 0.85 -26.00
 141 152 1.08 11.00
 152 132 0.87 -20.00
 161 160 0.99 -1.00
 138 131 0.95 -7.00
 120 145 1.21 25.00
 129 146 1.13 17.00
 145 154 1.06 9.00
 163 149 0.91 -14.00
 156 133 0.85 -23.00
 122 162 1.33 40.00
 171 133 0.78 -38.00
 157 135 0.86 -22.00
 151 134 0.89 -17.00
 141 164 1.16 23.00
 155 167 1.08 12.00
 162 166 1.02 4.00
 151 152 1.01 1.00
 150 135 0.90 -15.00
 174 154 0.89 -20.00
 127 160 1.26 33.00
 140 165 1.18 25.00
 153 145 0.95 -8.00
 147 154 1.05 7.00
 178 120 0.67 -58.00
 172 147 0.85 -25.00
 150 155 1.03 5.00
 147 150 1.02 3.00
 141 169 1.20 28.00
 128 128 1.00 0.00
 149 143 0.96 -6.00
 124 124 1.00 0.00
 172 119 0.69 -53.00
 166 154 0.93 -12.00
 151 157 1.04 6.00
 135 134 0.99 -1.00
 180 156 0.87 -24.00
 158 129 0.82 -29.00
 115 148 1.29 33.00
 136 107 0.79 -29.00
 174 170 0.98 -4.00
 157 141 0.90 -16.00
 173 158 0.91 -15.00
 156 130 0.83 -26.00
 163 114 0.70 -49.00
 157 148 0.94 -9.00
 154 153 0.99 -1.00
 102 124 1.22 22.00
 109 105 0.96 -4.00
 103 106 1.03 3.00
 115 77 0.67 -38.00
 99 111 1.12 12.00
 89 93 1.04 4.00
 96 89 0.93 -7.00
 99 105 1.06 6.00
 103 77 0.75 -26.00
 85 103 1.21 18.00
 103 87 0.84 -16.00
 92 105 1.14 13.00
 113 96 0.85 -17.00
 124 80 0.65 -44.00
 95 132 1.39 37.00
 84 104 1.24 20.00
 125 108 0.86 -17.00
 92 96 1.04 4.00
 100 99 0.99 -1.00
 93 96 1.03 3.00
 123 99 0.80 -24.00
 108 126 1.17 18.00
 138 105 0.76 -33.00
 122 127 1.04 5.00
 102 102 1.00 0.00
 100 116 1.16 16.00
 109 81 0.74 -28.00
 105 90 0.86 -15.00
 86 99 1.15 13.00
 133 126 0.95 -7.00
 109 106 0.97 -3.00
 107 102 0.95 -5.00
 108 114 1.06 6.00
 90 98 1.09 8.00
 111 104 0.94 -7.00
 120 115 0.96 -5.00
 100 115 1.15 15.00
 112 117 1.04 5.00
 108 85 0.79 -23.00
 121 91 0.75 -30.00
 104 121 1.16 17.00
 83 84 1.01 1.00
 120 97 0.81 -23.00
 97 123 1.27 26.00
 108 97 0.90 -11.00
 108 96 0.89 -12.00
 92 100 1.09 8.00
 104 106 1.02 2.00
 80 101 1.26 21.00
 100 99 0.99 -1.00
 139 100 0.72 -39.00
 110 122 1.11 12.00
 110 87 0.79 -23.00
 96 86 0.90 -10.00
 109 112 1.03 3.00
 101 111 1.10 10.00
 115 101 0.88 -14.00
 100 103 1.03 3.00
 106 96 0.91 -10.00
 95 107 1.13 12.00
 83 110 1.33 27.00
 92 122 1.33 30.00
 100 95 0.95 -5.00
 79 99 1.25 20.00
 113 104 0.92 -9.00
 112 82 0.73 -30.00
 81 100 1.23 19.00
 86 101 1.17 15.00
 101 124 1.23 23.00
 109 119 1.09 10.00
 95 120 1.26 25.00
 114 99 0.87 -15.00
 121 119 0.98 -2.00
 96 109 1.14 13.00
 90 89 0.99 -1.00
 101 105 1.04 4.00
 96 87 0.91 -9.00
 117 120 1.03 3.00
 112 89 0.79 -23.00
 97 97 1.00 0.00
 113 100 0.88 -13.00
 88 100 1.14 12.00
 105 82 0.78 -23.00
 108 97 0.90 -11.00
 115 89 0.77 -26.00
 96 89 0.93 -7.00
 83 111 1.34 28.00
 98 83 0.85 -15.00
 111 106 0.95 -5.00
 94 97 1.03 3.00
 121 101 0.83 -20.00
 87 102 1.17 15.00
 88 113 1.28 25.00
 99 116 1.17 17.00
 120 121 1.01 1.00
 96 104 1.08 8.00
 104 98 0.94 -6.00
 108 132 1.22 24.00
 115 113 0.98 -2.00
 137 132 0.96 -5.00
 104 107 1.03 3.00
 99 76 0.77 -23.00
 119 106 0.89 -13.00
 103 115 1.12 12.00
 103 108 1.05 5.00
 115 96 0.83 -19.00
 122 125 1.02 3.00
 110 104 0.95 -6.00
 120 101 0.84 -19.00
 93 112 1.20 19.00
 89 114 1.28 25.00
 102 95 0.93 -7.00
 121 94 0.78 -27.00
 114 105 0.92 -9.00
 115 114 0.99 -1.00
 107 80 0.75 -27.00
 133 120 0.90 -13.00
 122 96 0.79 -26.00
 87 108 1.24 21.00
 100 87 0.87 -13.00
 100 94 0.94 -6.00
 95 110 1.16 15.00
 95 123 1.29 28.00
 120 109 0.91 -11.00
 117 118 1.01 1.00
 127 88 0.69 -39.00
 117 106 0.91 -11.00
 112 85 0.76 -27.00
 120 104 0.87 -16.00
 118 93 0.79 -25.00
 110 82 0.75 -28.00
 102 118 1.16 16.00
 126 112 0.89 -14.00
 119 94 0.79 -25.00
 119 91 0.76 -28.00
 91 136 1.49 45.00
 123 101 0.82 -22.00
 133 115 0.86 -18.00
 106 96 0.91 -10.00
 100 113 1.13 13.00
 98 110 1.12 12.00
 117 109 0.93 -8.00
 111 115 1.04 4.00
 92 94 1.02 2.00
 123 109 0.89 -14.00
 121 107 0.88 -14.00
 100 106 1.06 6.00
 113 102 0.90 -11.00
 114 104 0.91 -10.00
 102 101 0.99 -1.00
 110 114 1.04 4.00
 123 82 0.67 -41.00
 110 102 0.93 -8.00
 94 108 1.15 14.00
 97 100 1.03 3.00
 98 121 1.23 23.00
 104 97 0.93 -7.00
 91 99 1.09 8.00
 106 89 0.84 -17.00
 111 120 1.08 9.00
 123 116 0.94 -7.00
 109 99 0.91 -10.00
 128 147 1.15 19.00
 80 102 1.27 22.00
 107 122 1.14 15.00
 123 114 0.93 -9.00
 96 126 1.31 30.00
 112 106 0.95 -6.00
 99 121 1.22 22.00
