 148 180 1.22 32.00
 187 136 0.73 -51.00
 130 158 1.22 28.00
 157 167 1.06 10.00
 126 141 1.12 15.00
 146 143 0.98 -3.00
 143 147 1.03 4.00
 149 177 1.19 28.00
 174 120 0.69 -54.00
 148 168 1.14 20.00
 144 178 1.24 34.00
 154 165 1.07 11.00
 137 180 1.31 43.00
 123 173 1.41 50.00
 184 155 0.84 -29.00
 149 156 1.05 7.00
 152 172 1.13 20.00
 144 127 0.88 -17.00
 161 149 0.93 -12.00
 191 161 0.84 -30.00
 156 147 0.94 -9.00
 185 138 0.75 -47.00
 151 147 0.97 -4.00
 151 125 0.83 -26.00
 171 166 0.97 -5.00
 112 183 1.63 71.00
 165 174 1.05 9.00
 146 207 1.42 61.00
 151 156 1.03 5.00
 139 186 1.34 47.00
 173 153 0.88 -20.00
 166 160 0.96 -6.00
 126 114 0.90 -12.00
 153 132 0.86 -21.00
 126 149 1.18 23.00
 155 129 0.83 -26.00
 151 161 1.07 10.00
 158 156 0.99 -2.00
 126 134 1.06 8.00
 190 138 0.73 -52.00
 180 144 0.80 -36.00
 138 132 0.96 -6.00
 134 129 0.96 -5.00
 149 149 1.00 0.00
 161 183 1.14 22.00
 149 160 1.07 11.00
 143 143 1.00 0.00
 164 155 0.95 -9.00
 173 157 0.91 -16.00
 146 99 0.68 -47.00
 129 150 1.16 21.00
 130 132 1.02 2.00
 166 119 0.72 -47.00
 141 176 1.25 35.00
 175 149 0.85 -26.00
 170 167 0.98 -3.00
 137 155 1.13 18.00
 165 131 0.79 -34.00
 151 137 0.91 -14.00
 128 151 1.18 23.00
 172 138 0.80 -34.00
 127 114 0.90 -13.00
 141 142 1.01 1.00
 181 142 0.78 -39.00
 163 129 0.79 -34.00
 126 138 1.10 12.00
 152 141 0.93 -11.00
 158 172 1.09 14.00
 158 140 0.89 -18.00
 163 185 1.13 22.00
 161 142 0.88 -19.00
 171 147 0.86 -24.00
 178 151 0.85 -27.00
 178 152 0.85 -26.00
 166 150 0.90 -16.00
 157 168 1.07 11.00
 142 158 1.11 16.00
 162 147 0.91 -15.00
 163 150 0.92 -13.00
 177 141 0.80 -36.00
 138 186 1.35 48.00
 178 131 0.74 -47.00
 146 177 1.21 31.00
 115 139 1.21 24.00
 116 92 0.79 -24.00
 96 99 1.03 3.00
 92 98 1.07 6.00
 88 90 1.02 2.00
 89 88 0.99 -1.00
 86 77 0.90 -9.00
 73 87 1.19 14.00
 93 101 1.09 8.00
 78 102 1.31 24.00
 86 102 1.19 16.00
 120 88 0.73 -32.00
 77 108 1.40 31.00
 91 93 1.02 2.00
 99 84 0.85 -15.00
 73 97 1.33 24.00
 91 71 0.78 -20.00
 90 93 1.03 3.00
 75 84 1.12 9.00
 85 98 1.15 13.00
 83 89 1.07 6.00
 76 92 1.21 16.00
 77 69 0.90 -8.00
 84 93 1.11 9.00
 67 78 1.16 11.00
 64 63 0.98 -1.00
 63 68 1.08 5.00
 89 85 0.96 -4.00
 62 54 0.87 -8.00
 54 58 1.07 4.00
 66 60 0.91 -6.00
 54 62 1.15 8.00
 70 69 0.99 -1.00
 71 70 0.99 -1.00
 47 67 1.43 20.00
 76 60 0.79 -16.00
 55 72 1.31 17.00
 68 36 0.53 -32.00
 66 59 0.89 -7.00
 66 79 1.20 13.00
 62 57 0.92 -5.00
 63 59 0.94 -4.00
 55 63 1.15 8.00
 63 71 1.13 8.00
 61 77 1.26 16.00
 65 60 0.92 -5.00
 67 58 0.87 -9.00
 63 50 0.79 -13.00
 81 60 0.74 -21.00
 59 75 1.27 16.00
 67 50 0.75 -17.00
 69 67 0.97 -2.00
 78 63 0.81 -15.00
 69 74 1.07 5.00
 69 58 0.84 -11.00
 84 80 0.95 -4.00
 50 66 1.32 16.00
 57 65 1.14 8.00
 65 60 0.92 -5.00
 73 54 0.74 -19.00
 80 68 0.85 -12.00
 67 81 1.21 14.00
 67 69 1.03 2.00
 62 66 1.06 4.00
 57 56 0.98 -1.00
 59 78 1.32 19.00
 73 80 1.10 7.00
 79 75 0.95 -4.00
 79 46 0.58 -33.00
 64 65 1.02 1.00
 69 63 0.91 -6.00
 65 56 0.86 -9.00
 73 63 0.86 -10.00
 69 61 0.88 -8.00
 62 78 1.26 16.00
 54 59 1.09 5.00
 80 68 0.85 -12.00
 64 56 0.88 -8.00
 83 71 0.86 -12.00
 69 76 1.10 7.00
 55 64 1.16 9.00
 62 63 1.02 1.00
 63 79 1.25 16.00
 70 71 1.01 1.00
 73 56 0.77 -17.00
 56 70 1.25 14.00
 77 56 0.73 -21.00
 80 61 0.76 -19.00
 58 74 1.28 16.00
 63 61 0.97 -2.00
 74 60 0.81 -14.00
 77 73 0.95 -4.00
 67 65 0.97 -2.00
 56 73 1.30 17.00
 64 68 1.06 4.00
 66 84 1.27 18.00
 71 95 1.34 24.00
 84 81 0.96 -3.00
 78 57 0.73 -21.00
 76 67 0.88 -9.00
 76 77 1.01 1.00
 79 84 1.06 5.00
 83 72 0.87 -11.00
 62 78 1.26 16.00
 73 64 0.88 -9.00
 64 72 1.12 8.00
 58 70 1.21 12.00
 70 78 1.11 8.00
 56 79 1.41 23.00
 69 77 1.12 8.00
 80 85 1.06 5.00
 72 80 1.11 8.00
 79 77 0.97 -2.00
 92 84 0.91 -8.00
 75 84 1.12 9.00
 90 77 0.86 -13.00
 93 81 0.87 -12.00
 66 84 1.27 18.00
 99 90 0.91 -9.00
 75 69 0.92 -6.00
 84 77 0.92 -7.00
 66 73 1.11 7.00
 81 71 0.88 -10.00
 93 69 0.74 -24.00
 85 80 0.94 -5.00
 92 76 0.83 -16.00
 84 56 0.67 -28.00
 63 75 1.19 12.00
 68 89 1.31 21.00
 78 67 0.86 -11.00
 82 92 1.12 10.00
 61 73 1.20 12.00
 93 84 0.90 -9.00
 74 90 1.22 16.00
 67 74 1.10 7.00
 105 81 0.77 -24.00
 85 89 1.05 4.00
 108 72 0.67 -36.00
 76 83 1.09 7.00
 78 95 1.22 17.00
 84 76 0.90 -8.00
 74 83 1.12 9.00
 86 87 1.01 1.00
 84 81 0.96 -3.00
 97 69 0.71 -28.00
 100 62 0.62 -38.00
 83 75 0.90 -8.00
 77 89 1.16 12.00
 91 87 0.96 -4.00
 106 99 0.93 -7.00
 67 84 1.25 17.00
 79 92 1.16 13.00
 70 93 1.33 23.00
 104 72 0.69 -32.00
 85 101 1.19 16.00
 84 86 1.02 2.00
 99 60 0.61 -39.00
 99 87 0.88 -12.00
 93 80 0.86 -13.00
 88 88 1.00 0.00
 80 86 1.08 6.00
 92 103 1.12 11.00
 81 93 1.15 12.00
 76 86 1.13 10.00
 102 86 0.84 -16.00
 82 74 0.90 -8.00
